% -------------------------------------------------------------------
%  Generated by MATLAB on 16-Apr-2018 02:37:13
%  MATLAB version: 9.4.0.813654 (R2018a)
% -------------------------------------------------------------------
                                                             

color = struct;
color.orange = [1 0.6 0];
color.red = [1 0.2 0];
color.dgreen = [0 0.4 0];
color.green = [0 0.6 0];
color.lgreen = [0.8 0.8 0];
color.dblue = [0 0.2 1];
color.blue = [0.2 0.6 1];
color.lblue = [0.4 0.8 1];
color.brown = [0.4 0.2 0];
color.lbrown = [0.8 0.4 0];
color.yellow = [1 0.8 0];
color.black = [0 0 0];
color.white = [1 1 1];
color.dgrey = [0.3 0.3 0.3];
color.grey = [0.5 0.5 0.5];
color.lgrey = [0.7 0.7 0.7];
color.vlgrey = [0.9 0.9 0.9];

density = struct;
density.aluminum = 2700;
density.steel = 7800;
density.titanium = 4500;
density.brass = 8600;

dwb = struct;
dwb.knuckle = struct;
dwb.knuckle.height = 8.6;
dwb.knuckle.length = 1.6;
dwb.knuckle.thickness = 0.2;
dwb.knuckle.wheelattachprojwidth = 0.5;
dwb.knuckle.wheelattachprojheight = 1.6;
dwb.knuckle.wishboneconnectorwidth = 2;
dwb.knuckle.driveshaftradius = 0.5;
dwb.knuckle.driveshaftheight = 1.2000000000000002;
dwb.knuckle.chamferradius = 0.05;
dwb.knuckle.transitionradius = 0.4;
dwb.knuckle.density = 2700;
dwb.knuckle.color = [0.3 0.3 0.3];
dwb.knuckle.ball = struct;
dwb.knuckle.ball.radius = 0.2;
dwb.knuckle.pin = struct;
dwb.knuckle.pin.radius = 0.1;
dwb.knuckle.pin.height = 0.60000000000000009;
dwb.knuckle.steerarm = struct;
dwb.knuckle.steerarm.length = 4;
dwb.knuckle.steerarm.width = 0.4;
dwb.knuckle.steerarm.thickness = 0.2;
dwb.knuckle.steerarm.forkheight = 2.6;
dwb.knuckle.steerarm.forklength = 0.8;
dwb.knuckle.steerarm.forkoffset = 0.60000000000000009;
dwb.knuckle.pinradius = 0.05;
dwb.uwb = struct;
dwb.uwb.longlength = 5;
dwb.uwb.shortlength = 3;
dwb.uwb.wheellinklength = 1;
dwb.uwb.wheellinkwidth = 1;
dwb.uwb.width = 5;
dwb.uwb.thickness = 0.4;
dwb.uwb.baseradius = 1.6;
dwb.uwb.basearcoffset = 1;
dwb.uwb.density = 2700;
dwb.uwb.color = [0.3 0.2 0];
dwb.uwb.bracket = struct;
dwb.uwb.bracket.length = 4;
dwb.uwb.bracket.radius = 0.15000000000000002;
dwb.uwb.socket = struct;
dwb.uwb.socket.radius = 0.4;
dwb.uwb.socket.height = 0.27999999999999997;
dwb.uwb.socket.ballradius = 0.2;
dwb.uwb.socket.offset = 0.60000000000000009;
dwb.lwb = struct;
dwb.lwb.longlength = 7.2;
dwb.lwb.shortlength = 5;
dwb.lwb.wheellinklength = 1;
dwb.lwb.wheellinkwidth = 1;
dwb.lwb.width = 2.95;
dwb.lwb.thickness = 0.4;
dwb.lwb.baseradius = 0.57500000000000007;
dwb.lwb.basearcoffset = 3;
dwb.lwb.density = 2700;
dwb.lwb.color = [0.65490196078431373 0.42352941176470588 0.20392156862745098 ...
                 ];
dwb.lwb.bracket = struct;
dwb.lwb.bracket.length = 0.8;
dwb.lwb.bracket.radius = 0.15000000000000002;
dwb.lwb.socket = struct;
dwb.lwb.socket.radius = 0.4;
dwb.lwb.socket.height = 0.27999999999999997;
dwb.lwb.socket.holeradius = 0.2;
dwb.lwb.socket.holeoffset = 0.6125;
dwb.lwb.damperbracket = struct;
dwb.lwb.damperbracket.offset = 2;
dwb.lwb.damperbracket.width = 0.8;
dwb.lwb.damperbracket.length = 0.8;
dwb.lwb.damperbracket.thickness = 0.2;
dwb.lwb.damperbracket.spacing = 0.30000000000000004;
dwb.lwb.damperbracket.holeradius = 0.2;
dwb.springdamp = struct;
dwb.springdamp.k = 20000;
dwb.springdamp.b = 2200;
dwb.springdamp.length0 = 3.7;
dwb.springdamp.density = 2700;
dwb.springdamp.cylinder = struct;
dwb.springdamp.cylinder.length = 4.4;
dwb.springdamp.cylinder.innerradius = 0.4;
dwb.springdamp.cylinder.outerradius = 0.60000000000000009;
dwb.springdamp.cylinder.color = [0.9 0.7 0.2];
dwb.springdamp.piston = struct;
dwb.springdamp.piston.length = 3.2;
dwb.springdamp.piston.color = [0.3 0.2 0];
dwb.springdamp.chamferradius = 0.06;
dwb.springdamp.bracket = struct;
dwb.springdamp.bracket.length = 1.2000000000000002;
dwb.springdamp.bracket.width = 0.8;
dwb.springdamp.bracket.thickness = 0.2;
dwb.springdamp.bracket.holeradius = 0.15000000000000002;
dwb.chassis = struct;
dwb.chassis.frame = struct;
dwb.chassis.frame.longlength = 20;
dwb.chassis.frame.shortlength = 15;
dwb.chassis.frame.height = 8;
dwb.chassis.frame.cornerradius = 0.4;
dwb.chassis.frame.thickness = 0.4;
dwb.chassis.frame.barthickness = 1;
dwb.chassis.frame.density = 2700;
dwb.chassis.frame.color = [1 0.5490196078431373 0];
dwb.chassis.upperlink = struct;
dwb.chassis.upperlink.length = 6;
dwb.chassis.upperlink.outerradius = 0.30000000000000004;
dwb.chassis.upperlink.innerradius = 0.15000000000000002;
dwb.chassis.upperlink.wishboneslotlength = 1.1;
dwb.chassis.upperlink.springdamperslotlength = 0.60000000000000009;
dwb.chassis.upperlink.wishboneseparation = 4.1000000000000005;
dwb.chassis.upperlink.wishboneoffset = 0;
dwb.chassis.upperlink.chamferradius = 0.040000000000000008;
dwb.chassis.upperlink.density = 2700;
dwb.chassis.upperlink.color = [1 0.5490196078431373 0];
dwb.chassis.lowerlink = struct;
dwb.chassis.lowerlink.length = 6;
dwb.chassis.lowerlink.outerradius = 0.30000000000000004;
dwb.chassis.lowerlink.innerradius = 0.15000000000000002;
dwb.chassis.lowerlink.wishboneslotlength = 1.1;
dwb.chassis.lowerlink.wishboneseparation = 2.0500000000000003;
dwb.chassis.lowerlink.wishboneoffset = 1.0250000000000001;
dwb.chassis.lowerlink.chamferradius = 0.040000000000000008;
dwb.chassis.lowerlink.density = 2700;
dwb.chassis.lowerlink.color = [1 0.5490196078431373 0];
dwb.chassis.steering = struct;
dwb.chassis.steering.bracket = struct;
dwb.chassis.steering.bracket.length = 0.8;
dwb.chassis.steering.bracket.width = 0.8;
dwb.chassis.steering.bracket.thickness = 0.8;
dwb.chassis.steering.bracket.holelength = 0.4;
dwb.chassis.steering.bracket.holewidth = 0.4;
dwb.chassis.steering.bracket.chamferradius = 0.1;
dwb.chassis.steering.bracket.density = 2700;
dwb.chassis.steering.bracket.color = ...
  [1 0.5490196078431373 0];
dwb.chassis.steering.tierod = struct;
dwb.chassis.steering.tierod.rod = struct;
dwb.chassis.steering.tierod.rod.length = 3.3000000000000003;
dwb.chassis.steering.tierod.rod.radius = 0.25;
dwb.chassis.steering.tierod.rod.chamferradius = 0.05;
dwb.chassis.steering.tierod.rod.color = ...
  [0.9 0.7 0.2];
dwb.chassis.steering.tierod.bracket = struct;
dwb.chassis.steering.tierod.bracket.length = 0.60000000000000009;
dwb.chassis.steering.tierod.bracket.width = 0.4;
dwb.chassis.steering.tierod.bracket.thickness = 0.1;
dwb.chassis.steering.tierod.bracket.flangespacing = 0.15000000000000002;
dwb.chassis.steering.tierod.bracket.socketradius = 0.15000000000000002;
dwb.chassis.steering.tierod.bracket.ballradius = 0.1;
dwb.chassis.steering.tierod.bracket.holeradius = 0.06;
dwb.chassis.steering.tierod.density = 2700;
dwb.chassis.steering.tierod.ballcolor = ...
  [0.3 0.2 0];
dwb.chassis.steering.rack = struct;
dwb.chassis.steering.rack.rod = struct;
dwb.chassis.steering.rack.rod.length = 24;
dwb.chassis.steering.rack.rod.width = 0.4;
dwb.chassis.steering.rack.rod.height = 0.4;
dwb.chassis.steering.rack.rod.bracketdistance = 14;
dwb.chassis.steering.rack.rod.chamferradius = 0.1;
dwb.chassis.steering.rack.bracket = struct;
dwb.chassis.steering.rack.bracket.length = 0.8;
dwb.chassis.steering.rack.bracket.width = 0.4;
dwb.chassis.steering.rack.bracket.thickness = 0.1;
dwb.chassis.steering.rack.bracket.holeradius = 0.1;
dwb.chassis.steering.rack.density = 2700;
dwb.chassis.steering.rack.color = [0.3 0.2 0];

mp = struct;
mp.knuckle = struct;
mp.knuckle.springdamperangle = 6;
mp.knuckle.balldiameter = 0.2;
mp.knuckle.hublength = 3;
mp.knuckle.density = 2700;
mp.knuckle.color = [0.5 0.5 0.5];
mp.springdamp = struct;
mp.springdamp.k = 10000;
mp.springdamp.b = 300;
mp.springdamp.length0 = 3;
mp.springdamp.density = 2700;
mp.springdamp.cylinder = struct;
mp.springdamp.cylinder.length = 4.4;
mp.springdamp.cylinder.innerradius = 0.4;
mp.springdamp.cylinder.outerradius = 0.60000000000000009;
mp.springdamp.cylinder.color = [0.9 0.7 0.2];
mp.springdamp.piston = struct;
mp.springdamp.piston.length = 3;
mp.springdamp.piston.color = [0.55 0.35 0.17];
